#Current season year (year when the championship will happen)
champ_year <- 2024
exclude_dates <- c("2023-12-25", "2023-12-26")
first_day_of_games <- "2023-11-06"
last_day_of_games <- "2024-04-08"
